year,y_true,y_pred
2018,0.0,0.0
2019,0.0,0.0
2020,0.82,0.0
2021,0.0,0.0
2022,0.0,0.0
